2003 1 1 -4.4 0.0 4.4 -1 0 6.7 
2003 1 2 -3.3 -0.5 2.2 -1 0 5.8 
2003 1 3 -8.3 -2.2 6.1 -1 0 4.0 
2003 1 4 -2.7 2.7 14.4 -1 0 8.9 
2003 1 5 0.0 4.4 10.0 -1 0 6.2 
2003 1 6 -1.1 0.5 3.8 -1 0 6.7 
2003 1 7 -3.8 1.1 12.2 -1 0 4.9 
2003 1 8 2.7 11.6 22.7 -1 0 5.3 
2003 1 9 2.7 6.1 17.7 -1 0 8.0 
2003 1 10 -5.0 -1.6 3.3 -1 0 6.7 
2003 1 11 -11.1 -4.4 1.6 -1 0 3.5 
2003 1 12 -7.2 -1.1 6.6 -1 0 6.2 
2003 1 13 -4.4 1.1 6.1 -1 0 5.8 
2003 1 14 -7.2 -2.2 2.7 -1 0 4.9 
2003 1 15 -7.2 -4.4 -1.1 -1 0 5.8 
2003 1 16 -7.2 -5.5 -2.7 -1 0 6.7 
2003 1 17 -16.1 -11.1 -7.2 -1 0 4.0 
2003 1 18 -12.7 -6.1 -2.7 -1 -1 7.1 
2003 1 19 -8.8 -7.7 -6.1 -1 0 3.5 
2003 1 22 -12.2 -8.3 -6.1 -1 0 5.8 
2003 1 23 -20.5 -15.5 -11.6 -1 0 3.5 
2003 1 24 -16.6 -11.1 -3.8 -1 0 5.8 
2003 1 25 -7.2 -2.7 5.5 -1 0 4.9 
2003 1 26 -11.6 -7.2 3.8 -1 0 7.1 
2003 1 27 -11.1 -4.4 6.6 5 -1 6.7 
2003 1 28 1.6 4.4 7.2 8 0 5.3 
2003 1 29 -2.7 0.5 5.0 13 0 6.7 
2003 1 30 -6.6 -0.5 7.7 28 0 7.1 
2003 1 31 3.3 5.0 7.2 30 5 8.4 
2003 2 1 -1.6 5.5 16.1 36 0 5.3 
2003 2 2 3.8 11.1 17.7 5 0 5.3 
2003 2 3 -1.1 5.5 16.1 36 0 8.4 
2003 2 4 -7.2 -3.3 1.1 23 -1 8.0 
2003 2 5 -7.7 -3.8 2.2 30 -1 3.5 
2003 2 6 -7.2 -2.2 0.0 18 3 7.1 
2003 2 7 -15.0 -10.0 -5.0 18 -1 4.9 
2003 2 8 -7.2 -3.3 2.7 8 -1 6.7 
2003 2 9 -4.4 0.0 4.4 0 -1 4.0 
2003 2 10 -2.2 0.5 2.7 0 0 4.9 
2003 2 11 -7.2 0.0 11.6 3 0 8.4 
2003 2 12 -6.6 1.1 9.4 8 0 5.3 
2003 2 13 -3.8 2.2 10.5 10 0 4.0 
2003 2 14 5.5 6.6 8.3 5 15 4.9 
2003 2 15 -4.4 0.5 6.6 8 36 9.8 
2003 2 16 -7.7 -5.5 1.1 15 -1 9.3 
2003 2 17 -8.8 -3.8 6.1 15 -1 3.5 
2003 2 18 -1.6 3.3 10.0 13 0 3.5 
2003 2 19 -1.1 5.5 11.1 18 0 3.5 
2003 2 20 -2.7 5.5 13.3 10 0 3.5 
2003 2 21 -0.5 6.1 13.3 20 0 2.6 
2003 2 22 -1.6 1.6 10.0 25 0 6.7 
2003 2 23 -7.2 -3.8 -1.1 25 0 7.1 
2003 2 24 -13.8 -11.1 -7.7 20 0 6.2 
2003 2 25 -17.2 -13.3 -9.4 18 0 4.0 
2003 2 26 -11.1 -7.2 -2.2 13 0 3.5 
2003 2 27 -3.8 -2.7 -1.6 8 -1 3.5 
2003 2 28 -3.3 -1.6 1.6 5 0 2.6 
2003 3 2 -6.1 -2.2 1.1 3 0 7.1 
2003 3 3 -6.1 0.5 11.1 3 -1 8.0 
2003 3 4 -6.1 3.8 9.4 3 3 6.7 
2003 3 5 -11.1 -8.3 -6.1 3 3 6.2 
2003 3 6 -7.2 -4.4 3.8 8 -1 5.8 
2003 3 7 -3.8 3.3 11.1 13 0 3.5 
2003 3 8 -2.2 3.8 11.6 8 0 8.0 
2003 3 9 -11.1 -6.1 -1.6 3 0 5.8 
2003 3 10 -8.8 -4.4 2.2 5 0 5.3 
2003 3 11 -3.8 3.3 13.3 3 0 6.2 
2003 3 12 0.0 8.3 17.2 5 0 4.9 
2003 3 13 2.7 8.3 15.0 10 15 5.8 
2003 3 14 3.8 8.3 16.6 18 0 4.0 
2003 3 15 7.2 15.0 25.0 8 0 5.3 
2003 3 16 12.7 18.3 25.0 5 0 6.2 
2003 3 17 12.7 18.8 23.8 -1 0 5.3 
2003 3 18 11.1 16.6 22.2 -1 0 8.9 
2003 3 19 6.6 9.4 15.0 -1 3 8.0 
2003 3 20 6.1 6.6 8.3 -1 18 6.2 
2003 3 21 1.6 8.3 14.4 -1 3 6.2 
2003 3 22 1.6 10.5 20.0 -1 0 4.0 
2003 3 23 4.4 12.7 23.3 -1 0 5.8 
2003 3 24 12.7 17.2 23.8 -1 0 5.3 
2003 3 25 7.7 13.3 20.0 -1 0 8.4 
2003 3 26 6.1 13.3 20.0 -1 0 8.9 
2003 3 27 12.2 15.5 19.4 -1 0 8.0 
2003 3 28 3.8 6.6 19.4 -1 0 8.4 
2003 3 29 -1.1 3.3 7.7 -1 0 6.7 
2003 3 30 -2.7 3.8 12.2 -1 0 3.5 
2003 3 31 5.5 13.3 25.5 -1 0 8.9 
2003 5 16 12.7 15.5 20.0 -1 13 8.4 
2003 5 17 15.0 18.3 24.4 -1 0 5.8 
2003 5 18 13.3 18.8 25.5 -1 0 4.9 
2003 5 19 17.2 20.0 22.2 -1 3 7.1 
2003 5 20 9.4 14.4 17.7 -1 5 8.9 
2003 5 21 7.2 13.3 20.0 -1 0 3.5 
2003 5 22 9.4 16.6 23.3 -1 0 3.5 
2003 5 23 14.4 19.4 23.8 -1 -1 3.1 
2003 5 24 15.0 17.7 22.7 -1 3 4.9 
2003 5 25 10.0 16.6 23.3 -1 3 6.2 
2003 5 26 10.0 18.3 25.0 -1 0 3.5 
2003 5 27 11.6 20.0 27.2 -1 0 4.0 
2003 5 28 15.5 22.2 30.0 -1 3 6.7 
2003 5 29 13.3 22.2 29.4 -1 0 3.1 
2003 5 30 19.4 25.5 33.3 -1 -1 5.3 
2003 5 31 15.5 20.0 31.6 -1 0 7.1 
2003 6 1 13.8 18.8 23.3 -1 0 5.3 
2003 6 2 12.2 15.0 21.1 -1 28 6.2 
2003 6 3 11.6 13.8 18.3 -1 0 4.0 
2003 6 4 8.8 15.5 21.6 -1 0 3.1 
2003 6 5 13.8 20.0 23.8 -1 0 3.5 
2003 6 6 15.5 20.0 25.0 -1 18 5.3 
2003 6 7 13.3 18.8 23.3 -1 5 4.9 
2003 6 8 11.1 17.2 24.4 -1 5 6.7 
2003 6 9 13.8 21.6 28.8 -1 0 7.1 
2003 6 10 18.8 25.0 27.7 -1 0 8.0 
2003 6 11 18.8 22.7 26.6 -1 -1 3.5 
2003 6 12 19.4 23.3 28.3 -1 0 6.2 
2003 6 13 17.7 22.7 28.8 -1 28 6.7 
2003 6 14 17.7 24.4 30.0 -1 0 3.5 
2003 6 15 18.8 25.0 30.5 -1 0 4.9 
2003 6 16 18.3 25.0 30.0 -1 0 3.5 
2003 6 17 16.6 23.8 30.0 3 0 4.9 
2003 6 18 17.7 25.5 31.1 8 0 3.1 
2003 6 19 21.1 24.4 28.8 3 0 6.7 
2003 6 20 17.2 22.2 27.2 -1 0 5.3 
2003 6 21 18.8 22.7 27.7 5 0 5.8 
2003 6 22 22.2 23.8 28.3 13 20 8.0 
2003 6 23 20.0 25.0 31.6 5 8 8.0 
2003 6 24 23.8 28.8 32.7 15 0 6.7 
2003 6 25 21.6 27.2 32.2 8 8 12.9 
2003 6 26 14.4 20.5 26.1 15 -1 4.9 
2003 6 27 17.2 23.3 30.0 5 0 5.8 
2003 6 28 20.0 25.0 30.0 3 0 7.1 
2003 6 29 20.5 24.4 29.4 3 5 6.7 
2003 6 30 18.8 22.2 27.7 3 3 4.9 
2003 7 1 20.0 24.4 30.0 3 0 4.0 
2003 7 2 22.2 27.7 33.3 3 0 3.5 
2003 7 3 23.8 29.4 36.1 0 0 5.3 
2003 7 4 27.2 31.1 36.1 0 0 6.7 
2003 7 5 24.4 30.0 34.4 0 0 6.2 
2003 7 6 25.0 29.4 33.3 3 0 8.4 
2003 7 7 26.1 30.0 33.8 0 0 6.7 
2003 7 8 26.6 30.5 35.0 3 0 8.0 
2003 7 9 25.0 30.0 35.0 3 0 9.3 
2003 7 10 21.1 26.1 32.2 0 8 8.0 
2003 7 11 18.8 26.1 32.2 3 3 3.5 
2003 7 12 18.8 26.1 31.1 5 0 3.5 
2003 7 13 20.0 26.1 32.7 -1 0 4.9 
2003 7 14 22.7 28.8 36.6 3 0 6.7 
2003 7 15 27.2 32.2 36.1 0 0 6.2 
2003 7 16 19.4 28.8 36.6 0 0 4.0 
2003 7 17 26.1 30.5 37.2 3 3 4.9 
2003 7 18 28.3 34.4 39.4 5 0 5.3 
2003 7 19 22.2 27.7 34.4 8 0 6.2 
2003 7 20 23.8 28.3 37.2 3 0 3.5 
2003 7 21 25.0 30.0 36.6 5 0 9.3 
2003 7 22 18.8 23.8 29.4 3 0 4.9 
2003 7 23 15.5 22.2 28.8 8 0 8.4 
2003 7 24 16.1 24.4 32.2 5 0 5.3 
2003 7 25 22.2 28.3 34.4 10 0 7.1 
2003 7 26 22.7 30.0 37.7 3 0 6.7 
2003 7 27 26.1 32.7 38.3 3 0 5.8 
2003 7 28 23.8 27.7 36.1 3 0 5.3 
2003 7 29 20.5 25.5 31.1 3 0 5.8 
2003 7 30 18.8 26.1 33.8 3 0 3.5 
2003 7 31 21.6 27.7 35.5 0 -1 8.9 
2003 8 1 20.5 25.0 32.7 0 3 5.3 
2003 8 2 20.5 26.1 33.3 0 0 4.9 
2003 8 3 19.4 27.2 34.4 0 0 4.0 
2003 8 4 20.5 27.7 34.4 0 0 3.5 
2003 8 5 22.7 28.3 35.5 0 0 4.0 
2003 8 6 21.6 27.7 34.4 3 0 4.9 
2003 8 7 21.1 27.2 33.3 3 0 4.9 
2003 8 8 20.0 27.2 33.8 8 0 3.5 
2003 8 9 21.1 27.7 33.3 3 0 4.0 
2003 8 10 20.0 26.1 31.6 3 0 4.0 
2003 8 11 18.8 24.4 30.0 -1 5 3.5 
2003 8 12 18.8 24.4 31.1 -1 0 6.2 
2003 8 13 18.3 23.8 31.1 -1 0 5.3 
2003 8 14 21.6 26.1 32.7 -1 0 5.3 
2003 8 15 22.7 28.3 33.8 -1 0 3.1 
2003 8 16 25.0 31.1 38.3 -1 0 3.1 
2003 8 17 25.0 32.2 40.0 -1 0 3.5 
2003 8 18 25.0 33.3 40.0 -1 0 4.9 
2003 8 19 23.8 32.2 38.8 -1 -1 6.2 
2003 8 20 25.5 32.7 39.4 -1 0 6.7 
2003 8 21 28.8 34.4 41.6 -1 0 5.8 
2003 8 22 23.3 30.5 38.3 -1 0 4.0 
2003 8 23 21.6 28.8 35.5 -1 0 6.2 
2003 8 24 21.6 29.4 38.3 -1 0 3.5 
2003 8 25 26.1 34.4 41.1 -1 0 5.3 
2003 8 26 27.7 33.3 39.4 -1 0 6.7 
2003 8 27 23.8 28.3 33.8 -1 3 9.8 
2003 8 28 23.8 27.7 34.4 -1 8 5.3 
2003 8 29 21.6 24.4 29.4 -1 10 4.9 
2003 8 30 20.0 22.7 28.3 -1 0 5.8 
2003 9 22 13.8 18.3 23.3 -1 3 6.2 
2003 9 23 10.0 17.7 26.1 -1 0 6.7 
2003 9 24 21.1 23.3 26.1 -1 0 8.0 
2003 9 25 7.7 15.0 20.5 -1 0 3.5 
2003 9 26 14.4 20.0 28.3 -1 0 8.4 
2003 9 27 10.5 16.6 22.2 -1 0 6.7 
2003 9 28 7.7 12.7 18.3 -1 0 6.2 
2003 9 29 5.0 11.1 17.2 -1 0 2.2 
2003 9 30 6.1 10.5 16.1 -1 3 3.5 
2003 10 1 5.5 11.6 19.4 -1 10 3.5 
2003 10 2 4.4 11.1 17.2 -1 0 3.5 
2003 10 3 11.6 15.0 19.4 -1 0 5.8 
2003 10 4 7.7 15.5 22.7 -1 0 3.5 
2003 10 5 12.7 18.3 23.8 -1 0 5.3 
2003 10 6 11.6 17.7 24.4 -1 0 3.1 
2003 10 7 12.7 17.7 23.8 -1 0 4.0 
2003 10 8 15.0 20.0 25.0 -1 0 4.9 
2003 10 9 17.2 19.4 22.2 -1 0 4.0 
2003 10 10 16.1 17.7 20.0 -1 0 3.5 
2003 10 11 15.0 18.3 20.0 -1 8 6.7 
2003 10 12 6.1 13.3 20.0 -1 8 4.9 
2003 10 13 8.3 13.8 18.8 -1 3 4.0 
2003 10 14 7.7 12.7 18.8 -1 18 8.0 
2003 10 15 7.2 13.8 22.2 -1 0 6.7 
2003 10 16 7.7 12.7 17.2 -1 3 7.1 
2003 10 17 2.7 8.8 15.5 -1 3 8.4 
2003 10 18 8.8 15.0 23.8 -1 0 4.0 
2003 10 19 9.4 18.3 27.2 -1 0 3.5 
2003 10 20 16.1 21.6 30.5 -1 0 5.3 
2003 10 21 11.1 18.8 27.2 -1 0 4.0 
2003 10 22 10.0 18.3 25.0 -1 0 2.6 
2003 10 23 12.7 17.7 22.2 -1 0 3.5 
2003 10 24 12.2 17.7 27.2 -1 0 6.7 
2003 10 25 8.8 12.7 16.6 -1 -1 6.7 
2003 10 26 1.6 6.6 12.2 -1 0 4.0 
2003 10 27 3.8 8.3 13.3 -1 0 5.3 
2003 10 28 12.2 13.3 16.1 -1 -1 7.1 
2003 10 29 6.1 11.6 21.1 -1 0 7.1 
2003 12 5 0.0 1.6 3.8 -1 0 8.9 
2003 12 6 -2.2 0.0 3.8 -1 0 5.8 
2003 12 7 1.1 5.0 10.0 -1 0 6.7 
2003 12 8 2.7 7.2 11.6 -1 0 3.5 
2003 12 9 3.8 7.2 10.0 -1 3 6.7 
2003 12 10 -7.2 -3.3 0.5 -1 30 9.8 
2003 12 11 -8.8 -5.0 -1.6 -1 0 3.1 
2003 12 12 -8.8 -6.1 -2.7 -1 0 4.0 
2003 12 13 -3.8 -2.7 -1.6 -1 3 4.9 
2003 12 14 -2.7 -1.6 -0.5 -1 3 5.8 
2003 12 15 -1.1 3.3 7.7 -1 0 8.4 
2003 12 16 -1.1 0.5 7.2 -1 0 6.7 
2003 12 17 -2.7 0.5 7.2 -1 0 3.5 
2003 12 18 2.7 5.0 8.8 -1 0 9.3 
2003 12 19 -1.1 2.2 6.1 -1 0 6.2 
2003 12 20 -5.5 2.2 11.1 -1 0 5.3 
2003 12 21 6.6 8.8 13.3 -1 0 8.4 
2003 12 22 2.7 6.1 10.0 -1 8 4.9 
2003 12 23 -1.1 1.6 4.4 -1 0 4.9 
2003 12 24 -6.1 -1.6 4.4 -1 0 2.6 
2003 12 25 -2.2 0.5 8.8 -1 0 4.0 
2003 12 26 2.7 6.6 10.5 -1 0 6.2 
2003 12 27 8.8 11.6 16.1 -1 8 9.8 
2003 12 28 3.3 8.3 13.3 -1 8 4.9 
2003 12 29 -1.6 3.3 7.7 -1 0 5.3 
2003 12 30 0.5 5.5 13.3 -1 0 9.3 
2003 12 31 0.5 6.6 11.1 -1 0 8.9 
